1 0.216979
2 0.216979
3 0.216979
4 0.216979
5 0.216979
1 0.226346
3 0.226346
4 0.226346
1 0.265285
2 0.265285
1 0.185020
3 0.185020
4 0.185020
1 0.054757
3 0.054757
4 0.054757
1 0.046523
2 0.046523
3 0.046523
4 0.046523
5 0.046523
1 0.051725
2 0.051725
3 0.051725
4 0.051725
5 0.051725
1 0.145892
2 0.145892
1 0.044352
3 0.044352
4 0.044352
5 0.044352
1 0.056579
2 0.056579
3 0.056579
4 0.056579
1 0.100588
2 0.100588
3 0.100588
1 0.052948
3 0.052948
4 0.052948
1 0.051895
2 0.051895
3 0.051895
4 0.051895
5 0.051895
1 0.138642
1 0.088114
1 0.067548
1 0.051727
3 0.051727
1 0.062891
2 0.062891
3 0.062891
1 0.067257
2 0.067257
3 0.067257
1 0.116223
1 0.086765
1 0.041654
2 0.041654
3 0.041654
4 0.041654
1 0.078199
1 0.050625
2 0.050625
3 0.050625
