1 0.275946
2 0.275946
3 0.275946
4 0.275946
5 0.275946
6 0.275946
2 0.203322
3 0.203322
5 0.203322
6 0.203322
1 0.220436
2 0.220436
3 0.220436
5 0.220436
6 0.220436
1 0.220457
2 0.220457
4 0.220457
5 0.220457
6 0.220457
1 0.040741
2 0.040741
3 0.040741
5 0.040741
6 0.040741
2 0.087834
1 0.125911
2 0.125911
5 0.125911
6 0.125911
1 0.123572
2 0.123572
5 0.123572
6 0.123572
1 0.065831
2 0.065831
3 0.065831
4 0.065831
1 0.082288
2 0.082288
3 0.082288
4 0.082288
1 0.057498
2 0.057498
3 0.057498
5 0.057498
1 0.074585
2 0.074585
1 0.051587
2 0.051587
3 0.051587
4 0.051587
1 0.045764
2 0.045764
3 0.045764
4 0.045764
1 0.061039
2 0.061039
1 0.106749
1 0.049529
2 0.049529
3 0.049529
1 0.052036
3 0.052036
