1 0.327716
2 0.327716
4 0.327716
5 0.327716
1 0.046808
2 0.046808
4 0.046808
5 0.046808
1 0.263302
2 0.263302
3 0.263302
4 0.263302
2 0.172151
4 0.172151
5 0.172151
1 0.058864
2 0.058864
4 0.058864
5 0.058864
1 0.070321
2 0.070321
4 0.070321
5 0.070321
1 0.104013
2 0.104013
4 0.104013
2 0.060034
4 0.060034
5 0.060034
1 0.090232
2 0.090232
2 0.067497
3 0.067497
4 0.067497
1 0.076318
2 0.076318
4 0.076318
1 0.080581
2 0.080581
1 0.049312
1 0.046598
2 0.046598
4 0.046598
1 0.053556
4 0.053556
5 0.053556
2 0.046278
3 0.046278
4 0.046278
1 0.046049
2 0.046049
1 0.056995
4 0.056995
