1 0.293097
2 0.293097
3 0.293097
4 0.293097
5 0.293097
6 0.293097
1 0.284805
2 0.284805
3 0.284805
4 0.284805
5 0.284805
6 0.284805
1 0.226613
4 0.226613
5 0.226613
6 0.226613
1 0.044613
2 0.044613
3 0.044613
4 0.044613
5 0.044613
6 0.044613
1 0.088535
2 0.088535
4 0.088535
1 0.212747
2 0.212747
1 0.049315
3 0.049315
4 0.049315
5 0.049315
6 0.049315
1 0.049089
2 0.049089
3 0.049089
4 0.049089
5 0.049089
6 0.049089
1 0.099612
2 0.099612
4 0.099612
1 0.056808
4 0.056808
1 0.052970
2 0.052970
3 0.052970
4 0.052970
1 0.059909
4 0.059909
