1 0.330649
2 0.330649
3 0.330649
4 0.330649
5 0.330649
6 0.330649
1 0.053810
2 0.053810
3 0.053810
4 0.053810
5 0.053810
6 0.053810
2 0.198698
3 0.198698
4 0.198698
1 0.090034
3 0.090034
4 0.090034
1 0.224371
2 0.224371
3 0.224371
4 0.224371
1 0.076879
2 0.076879
3 0.076879
4 0.076879
1 0.154676
2 0.154676
3 0.154676
5 0.154676
1 0.138487
3 0.138487
4 0.138487
1 0.100433
2 0.100433
3 0.100433
4 0.100433
1 0.078611
2 0.078611
3 0.078611
5 0.078611
1 0.106368
2 0.106368
3 0.106368
4 0.106368
1 0.069102
3 0.069102
4 0.069102
1 0.110115
2 0.110115
1 0.086079
3 0.086079
4 0.086079
1 0.111789
2 0.111789
3 0.111789
4 0.111789
1 0.089711
2 0.089711
3 0.089711
1 0.136296
3 0.136296
2 0.064584
1 0.100150
1 0.079319
2 0.079319
1 0.082342
2 0.082342
3 0.082342
1 0.073338
3 0.073338
4 0.073338
4 0.085862
5 0.085862
1 0.081027
3 0.081027
1 0.077482
3 0.077482
2 0.032910
3 0.032910
4 0.032910
1 0.082923
