1 0.270452
2 0.270452
5 0.270452
6 0.270452
3 0.212460
4 0.212460
1 0.157792
2 0.157792
3 0.157792
4 0.157792
5 0.157792
2 0.130848
3 0.130848
1 0.051272
2 0.051272
3 0.051272
4 0.051272
1 0.099268
2 0.099268
3 0.099268
4 0.099268
1 0.048632
2 0.048632
5 0.048632
1 0.090422
2 0.090422
4 0.090422
5 0.090422
2 0.036725
3 0.036725
4 0.036725
1 0.058474
2 0.058474
3 0.058474
4 0.058474
1 0.035762
2 0.035762
3 0.035762
4 0.035762
1 0.080595
2 0.080595
1 0.061300
2 0.061300
3 0.061300
1 0.041097
2 0.041097
1 0.029361
3 0.029361
4 0.029361
