1 0.207034
2 0.207034
3 0.207034
4 0.207034
5 0.207034
6 0.207034
2 0.181834
4 0.181834
5 0.181834
1 0.060629
2 0.060629
3 0.060629
4 0.060629
5 0.060629
6 0.060629
1 0.211493
2 0.211493
3 0.211493
5 0.211493
1 0.108881
2 0.108881
1 0.158758
2 0.158758
5 0.158758
6 0.158758
1 0.058298
2 0.058298
3 0.058298
5 0.058298
1 0.056766
2 0.056766
4 0.056766
5 0.056766
1 0.163038
2 0.163038
3 0.163038
1 0.079062
2 0.079062
3 0.079062
4 0.079062
5 0.079062
1 0.079498
2 0.079498
1 0.161197
5 0.161197
1 0.049432
2 0.049432
4 0.049432
5 0.049432
1 0.047243
2 0.047243
3 0.047243
1 0.073304
2 0.073304
3 0.073304
4 0.073304
5 0.073304
1 0.124301
2 0.124301
3 0.124301
1 0.139514
2 0.139514
1 0.099928
2 0.099928
3 0.099928
4 0.099928
1 0.074066
2 0.066281
3 0.066281
5 0.066281
1 0.062650
2 0.062650
4 0.062650
2 0.036161
3 0.036161
5 0.036161
1 0.087545
2 0.087545
3 0.087545
1 0.042615
2 0.042615
3 0.042615
4 0.042615
1 0.052781
2 0.052781
4 0.052781
5 0.052781
1 0.056912
2 0.056912
3 0.056912
1 0.160377
1 0.058558
2 0.058558
1 0.053067
4 0.053067
5 0.053067
1 0.057658
2 0.057658
3 0.057658
4 0.033853
5 0.033853
1 0.058983
2 0.058983
3 0.058983
4 0.058983
1 0.102827
3 0.028842
4 0.028842
5 0.028842
1 0.051555
2 0.051555
1 0.022922
