1 0.236489
2 0.236489
3 0.236489
1 0.062160
2 0.062160
3 0.062160
1 0.192720
2 0.192720
3 0.192720
1 0.161080
2 0.161080
3 0.161080
1 0.041200
2 0.041200
3 0.041200
1 0.070399
2 0.070399
3 0.070399
1 0.058063
2 0.058063
3 0.058063
1 0.047187
2 0.047187
3 0.047187
1 0.151882
2 0.151882
4 0.151882
1 0.144239
2 0.144239
3 0.144239
1 0.076965
2 0.076965
4 0.076965
1 0.133994
2 0.133994
1 0.072532
3 0.072532
1 0.070697
2 0.070697
3 0.070697
1 0.092906
2 0.092906
1 0.074955
3 0.074955
1 0.071266
2 0.071266
1 0.053996
2 0.053996
3 0.053996
1 0.039635
2 0.039635
2 0.073578
2 0.064859
1 0.069719
1 0.058863
1 0.041110
2 0.041110
1 0.035214
2 0.050522
1 0.050341
1 0.099411
1 0.063163
1 0.026380
2 0.026380
1 0.058158
1 0.058857
1 0.067449
1 0.038740
1 0.074286
