1 0.280165
2 0.280165
4 0.280165
5 0.280165
6 0.280165
1 0.265177
2 0.265177
3 0.265177
4 0.265177
5 0.265177
1 0.048884
2 0.048884
4 0.048884
5 0.048884
6 0.048884
1 0.144148
3 0.144148
4 0.144148
1 0.061367
3 0.061367
4 0.061367
1 0.078472
3 0.078472
4 0.078472
1 0.071234
3 0.071234
4 0.071234
1 0.084056
3 0.084056
4 0.084056
1 0.109024
2 0.109024
4 0.109024
1 0.067877
2 0.067877
1 0.071920
3 0.071920
1 0.067626
3 0.067626
1 0.072321
2 0.072321
1 0.053114
2 0.053114
1 0.051161
2 0.051161
3 0.051161
1 0.070504
