1 0.208461
2 0.208461
3 0.208461
4 0.208461
5 0.208461
6 0.208461
1 0.040498
2 0.040498
3 0.040498
4 0.040498
5 0.040498
6 0.040498
1 0.046650
2 0.046650
3 0.046650
4 0.046650
5 0.046650
6 0.046650
1 0.048549
2 0.048549
3 0.048549
4 0.048549
5 0.048549
6 0.048549
1 0.046159
2 0.046159
3 0.046159
4 0.046159
5 0.046159
6 0.046159
1 0.038565
2 0.038565
3 0.038565
4 0.038565
5 0.038565
6 0.038565
4 0.043257
6 0.043257
1 0.038942
4 0.038942
5 0.038942
6 0.038942
4 0.029225
6 0.029225
4 0.028301
6 0.028301
