1 0.372472
1 0.172933
2 0.172933
3 0.172933
4 0.172933
6 0.172933
1 0.039941
2 0.039941
3 0.039941
4 0.039941
6 0.039941
2 0.187097
1 0.042395
2 0.042395
3 0.042395
4 0.042395
6 0.042395
1 0.063883
2 0.063883
3 0.063883
4 0.063883
1 0.061267
2 0.061267
3 0.061267
4 0.061267
2 0.062465
1 0.038710
2 0.038710
3 0.038710
4 0.038710
6 0.038710
1 0.054204
2 0.054204
3 0.054204
4 0.054204
1 0.058539
2 0.058539
3 0.058539
4 0.058539
1 0.054719
2 0.054719
3 0.054719
4 0.054719
2 0.057492
1 0.050601
2 0.050601
3 0.050601
4 0.050601
1 0.049703
2 0.049703
3 0.049703
4 0.049703
1 0.041895
2 0.041895
3 0.041895
4 0.041895
6 0.041895
1 0.050490
2 0.050490
3 0.050490
4 0.050490
1 0.049883
2 0.049883
3 0.049883
4 0.049883
1 0.060174
4 0.060174
6 0.060174
1 0.052916
2 0.052916
4 0.052916
6 0.052916
1 0.060577
4 0.060577
1 0.050215
3 0.050215
4 0.050215
1 0.047934
2 0.047934
3 0.047934
4 0.047934
1 0.059905
4 0.059905
1 0.043878
2 0.043878
3 0.043878
4 0.043878
1 0.043876
3 0.043876
4 0.043876
1 0.044714
3 0.044714
4 0.044714
