1 0.190610
2 0.190610
3 0.190610
4 0.190610
5 0.190610
6 0.190610
2 0.165816
3 0.165816
4 0.165816
5 0.165816
2 0.120262
3 0.120262
4 0.120262
5 0.120262
1 0.183079
2 0.183079
3 0.183079
5 0.183079
1 0.192735
2 0.192735
3 0.192735
1 0.067341
2 0.067341
3 0.067341
4 0.067341
5 0.067341
1 0.132224
2 0.132224
3 0.132224
4 0.132224
5 0.132224
1 0.075195
2 0.075195
3 0.075195
4 0.075195
5 0.075195
1 0.116936
2 0.116936
3 0.116936
4 0.116936
1 0.057136
2 0.057136
3 0.057136
5 0.057136
1 0.137135
2 0.137135
1 0.050625
2 0.050625
3 0.050625
4 0.050625
2 0.042014
1 0.080811
2 0.080811
1 0.092411
2 0.092411
3 0.092411
1 0.070498
2 0.070498
6 0.066804
4 0.070416
5 0.070416
2 0.058591
1 0.071341
2 0.071341
2 0.038521
3 0.038521
4 0.038521
5 0.038521
1 0.097452
1 0.093262
1 0.046327
2 0.046327
1 0.093675
1 0.043730
2 0.043730
3 0.043730
1 0.069358
2 0.069358
1 0.056439
2 0.056439
3 0.056439
1 0.041234
2 0.041234
1 0.062494
2 0.062494
3 0.062494
1 0.105138
