1 0.609409
2 0.609409
3 0.609409
4 0.609409
5 0.609409
6 0.609409
1 0.083558
2 0.083558
3 0.083558
4 0.083558
5 0.083558
6 0.083558
1 0.079451
2 0.079451
3 0.079451
4 0.079451
5 0.079451
6 0.079451
1 0.073846
2 0.073846
3 0.073846
4 0.073846
5 0.073846
6 0.073846
2 0.130723
3 0.130723
4 0.130723
5 0.130723
6 0.130723
2 0.128893
3 0.128893
4 0.128893
5 0.128893
6 0.128893
1 0.280727
2 0.280727
1 0.409721
2 0.409721
3 0.409721
4 0.409721
1 0.065292
2 0.065292
3 0.065292
4 0.065292
1 0.201830
3 0.201830
4 0.201830
1 0.050419
2 0.050419
