1 0.277454
2 0.277454
3 0.277454
4 0.277454
5 0.277454
1 0.046740
2 0.046740
3 0.046740
4 0.046740
5 0.046740
1 0.259928
2 0.259928
3 0.259928
4 0.259928
5 0.259928
6 0.259928
1 0.046502
2 0.046502
3 0.046502
4 0.046502
5 0.046502
2 0.177223
3 0.177223
5 0.177223
1 0.036872
2 0.036872
3 0.036872
5 0.036872
1 0.066185
2 0.066185
3 0.066185
4 0.066185
5 0.066185
6 0.066185
1 0.049091
2 0.049091
3 0.049091
4 0.049091
5 0.049091
6 0.049091
1 0.059874
2 0.059874
3 0.059874
4 0.059874
5 0.059874
1 0.048844
2 0.048844
3 0.048844
4 0.048844
5 0.048844
1 0.097675
2 0.097675
3 0.097675
4 0.097675
2 0.129646
1 0.072757
2 0.072757
3 0.072757
4 0.072757
1 0.062031
2 0.062031
3 0.062031
4 0.062031
1 0.137125
2 0.137125
1 0.053876
2 0.053876
1 0.076400
2 0.076400
3 0.076400
4 0.076400
1 0.052062
2 0.052062
2 0.048571
2 0.059057
1 0.068943
2 0.068943
3 0.068943
4 0.068943
1 0.069015
1 0.084416
1 0.060010
1 0.066915
2 0.066915
1 0.053367
2 0.053367
3 0.053367
1 0.070440
1 0.064460
1 0.042551
1 0.067498
3 0.067498
1 0.064179
1 0.093334
