1 0.290440
2 0.290440
3 0.290440
4 0.290440
5 0.290440
6 0.290440
1 0.174065
2 0.174065
3 0.174065
5 0.174065
6 0.174065
6 0.152961
1 0.110130
2 0.110130
4 0.110130
5 0.110130
6 0.110130
1 0.083400
2 0.083400
3 0.083400
4 0.083400
5 0.083400
6 0.083400
1 0.034361
2 0.034361
3 0.034361
5 0.034361
6 0.034361
1 0.037865
2 0.037865
3 0.037865
4 0.037865
5 0.037865
6 0.037865
1 0.113481
2 0.113481
1 0.059555
2 0.059555
3 0.059555
4 0.059555
1 0.111650
1 0.044636
2 0.044636
3 0.044636
5 0.044636
1 0.054125
2 0.054125
1 0.062227
2 0.062227
1 0.076983
2 0.076983
3 0.076983
4 0.076983
1 0.049579
2 0.049579
3 0.049579
4 0.049579
5 0.049579
1 0.043225
2 0.043225
3 0.043225
4 0.043225
1 0.051490
2 0.051490
3 0.051490
4 0.051490
1 0.045228
2 0.045228
3 0.045228
4 0.045228
1 0.061990
3 0.061990
1 0.045445
2 0.045445
3 0.045445
4 0.045445
1 0.045637
2 0.045637
3 0.045637
1 0.029534
2 0.029534
3 0.029534
1 0.041678
