1 0.627931
2 0.627931
3 0.627931
4 0.627931
5 0.627931
6 0.627931
1 0.532524
3 0.532524
4 0.532524
5 0.532524
6 0.532524
1 0.085035
3 0.085035
4 0.085035
5 0.085035
6 0.085035
1 0.084058
2 0.084058
3 0.084058
4 0.084058
5 0.084058
6 0.084058
1 0.597270
2 0.597270
3 0.597270
4 0.597270
5 0.597270
6 0.597270
1 0.083487
2 0.083487
3 0.083487
4 0.083487
5 0.083487
6 0.083487
1 0.089167
2 0.089167
3 0.089167
4 0.089167
5 0.089167
6 0.089167
1 0.087596
2 0.087596
3 0.087596
4 0.087596
5 0.087596
6 0.087596
1 0.537499
2 0.537499
3 0.537499
4 0.537499
5 0.537499
1 0.067541
2 0.067541
3 0.067541
4 0.067541
5 0.067541
