1 0.310557
2 0.310557
3 0.310557
4 0.310557
1 0.286710
2 0.286710
3 0.286710
4 0.286710
6 0.286710
1 0.062763
2 0.062763
4 0.062763
6 0.062763
1 0.203611
2 0.203611
3 0.203611
4 0.203611
1 0.048207
2 0.048207
3 0.048207
4 0.048207
1 0.230175
4 0.230175
1 0.065378
2 0.065378
6 0.065378
1 0.087997
2 0.087997
6 0.087997
1 0.066071
2 0.066071
3 0.066071
1 0.113820
2 0.113820
4 0.113820
1 0.118776
1 0.092608
2 0.092608
4 0.092608
1 0.154296
1 0.066070
2 0.066070
3 0.066070
1 0.047735
2 0.047735
4 0.047735
6 0.047735
1 0.054297
4 0.054297
1 0.166263
1 0.066269
4 0.066269
1 0.074671
2 0.074671
3 0.074671
1 0.059398
2 0.059398
6 0.059398
1 0.119425
1 0.073406
2 0.073406
3 0.073406
1 0.113776
1 0.072768
4 0.036071
1 0.088575
