1 0.300270
2 0.300270
5 0.300270
1 0.257325
2 0.257325
4 0.257325
5 0.257325
6 0.257325
1 0.194511
2 0.194511
1 0.062873
2 0.062873
4 0.062873
5 0.062873
1 0.174189
2 0.174189
6 0.174189
1 0.083629
2 0.083629
5 0.083629
1 0.053812
2 0.053812
1 0.104522
2 0.104522
1 0.040672
2 0.040672
1 0.053269
2 0.053269
1 0.129717
2 0.129717
1 0.058683
2 0.058683
1 0.115674
2 0.115674
1 0.077950
2 0.077950
2 0.057845
1 0.052929
2 0.052929
4 0.052929
1 0.049359
3 0.049359
1 0.055962
2 0.055962
1 0.091667
1 0.068896
3 0.068896
5 0.048378
6 0.048378
1 0.050334
2 0.050334
4 0.050334
1 0.084889
1 0.060082
1 0.095380
