1 0.617231
2 0.617231
3 0.617231
4 0.617231
5 0.617231
1 0.634827
2 0.634827
3 0.634827
4 0.634827
5 0.634827
6 0.634827
1 0.626163
3 0.626163
4 0.626163
5 0.626163
6 0.626163
1 0.108041
2 0.108041
3 0.108041
4 0.108041
5 0.108041
1 0.108793
2 0.108793
3 0.108793
4 0.108793
5 0.108793
6 0.108793
1 0.118999
2 0.118999
3 0.118999
4 0.118999
5 0.118999
1 0.505912
2 0.505912
3 0.505912
4 0.505912
5 0.505912
6 0.505912
1 0.320791
2 0.320791
5 0.320791
1 0.087945
2 0.087945
1 0.072683
2 0.072683
3 0.072683
4 0.072683
1 0.061564
2 0.061564
1 0.120191
