1 0.234692
2 0.234692
3 0.234692
5 0.234692
6 0.234692
1 0.052783
2 0.052783
3 0.052783
5 0.052783
6 0.052783
2 0.181964
4 0.181964
5 0.181964
1 0.047299
2 0.047299
3 0.047299
5 0.047299
1 0.206177
2 0.206177
5 0.206177
6 0.206177
1 0.049263
2 0.049263
3 0.049263
5 0.049263
1 0.141518
3 0.141518
1 0.094325
1 0.093045
1 0.129730
2 0.129730
1 0.107762
1 0.075179
1 0.057236
2 0.057236
1 0.054556
2 0.054556
4 0.054890
5 0.054890
6 0.054890
1 0.088502
1 0.060441
2 0.060441
1 0.054702
2 0.054702
1 0.103603
5 0.039927
3 0.031459
