1 0.262765
2 0.262765
3 0.262765
4 0.262765
5 0.262765
1 0.043586
2 0.043586
3 0.043586
4 0.043586
5 0.043586
1 0.238376
2 0.238376
3 0.238376
1 0.236755
2 0.236755
3 0.236755
4 0.236755
1 0.197134
2 0.197134
3 0.197134
2 0.157041
3 0.157041
1 0.056502
2 0.056502
3 0.056502
1 0.041892
2 0.041892
3 0.041892
3 0.065508
1 0.071757
2 0.071757
3 0.071757
4 0.071757
1 0.068959
2 0.068959
3 0.068959
1 0.049331
3 0.049331
1 0.056983
2 0.056983
3 0.056983
4 0.056983
1 0.059904
2 0.059904
3 0.059904
1 0.048751
3 0.048751
1 0.049327
3 0.049327
1 0.048979
2 0.048979
3 0.048979
4 0.048979
1 0.129408
2 0.067564
1 0.049034
3 0.049034
1 0.114852
1 0.050590
2 0.050590
3 0.050590
1 0.045534
1 0.042839
1 0.045306
1 0.055296
