1 0.531595
2 0.531595
3 0.531595
4 0.531595
5 0.531595
6 0.531595
1 0.066500
2 0.066500
3 0.066500
4 0.066500
5 0.066500
6 0.066500
1 0.429664
2 0.429664
3 0.429664
4 0.429664
5 0.429664
6 0.429664
1 0.379821
2 0.379821
3 0.379821
5 0.379821
6 0.379821
1 0.058470
2 0.058470
3 0.058470
4 0.058470
5 0.058470
6 0.058470
1 0.067147
2 0.067147
3 0.067147
4 0.067147
5 0.067147
6 0.067147
1 0.460093
2 0.460093
3 0.460093
5 0.460093
1 0.085677
2 0.085677
3 0.085677
5 0.085677
1 0.328491
2 0.328491
3 0.328491
4 0.328491
5 0.328491
6 0.328491
1 0.067091
2 0.067091
3 0.067091
4 0.067091
5 0.067091
6 0.067091
1 0.056762
2 0.056762
3 0.056762
4 0.056762
6 0.056762
1 0.090440
2 0.090440
3 0.090440
5 0.090440
1 0.135428
3 0.135428
5 0.135428
1 0.070488
2 0.070488
3 0.070488
4 0.070488
5 0.070488
2 0.057699
3 0.057699
1 0.127798
1 0.068556
2 0.068556
3 0.068556
4 0.068556
