1 0.555283
2 0.555283
3 0.555283
4 0.555283
5 0.555283
6 0.555283
1 0.076207
2 0.076207
3 0.076207
4 0.076207
5 0.076207
6 0.076207
1 0.072007
2 0.072007
3 0.072007
4 0.072007
5 0.072007
6 0.072007
1 0.548743
2 0.548743
3 0.548743
4 0.548743
5 0.548743
6 0.548743
1 0.072287
2 0.072287
3 0.072287
4 0.072287
5 0.072287
6 0.072287
1 0.082394
2 0.082394
3 0.082394
4 0.082394
5 0.082394
6 0.082394
1 0.509378
2 0.509378
3 0.509378
4 0.509378
5 0.509378
1 0.061485
2 0.061485
3 0.061485
4 0.061485
5 0.061485
