1 0.138244
2 0.138244
3 0.138244
4 0.138244
1 0.129089
2 0.129089
3 0.129089
4 0.129089
5 0.129089
1 0.047234
2 0.047234
3 0.047234
4 0.047234
5 0.047234
1 0.053580
2 0.053580
3 0.053580
4 0.053580
5 0.053580
1 0.043441
2 0.043441
3 0.043441
4 0.043441
5 0.043441
1 0.048170
2 0.048170
3 0.048170
4 0.048170
5 0.048170
1 0.062301
2 0.062301
3 0.062301
4 0.062301
5 0.062301
1 0.055104
2 0.055104
3 0.055104
4 0.055104
5 0.055104
1 0.048064
2 0.048064
3 0.048064
1 0.063470
2 0.063470
3 0.063470
1 0.057793
2 0.057793
3 0.057793
4 0.057793
1 0.063068
3 0.063068
