1 0.245851
2 0.245851
5 0.245851
6 0.245851
1 0.053653
2 0.053653
5 0.053653
6 0.053653
1 0.065561
2 0.065561
4 0.065561
5 0.065561
6 0.065561
1 0.211967
2 0.211967
5 0.211967
6 0.211967
1 0.054728
2 0.054728
5 0.054728
6 0.054728
1 0.061334
2 0.061334
5 0.061334
6 0.061334
1 0.060268
2 0.060268
4 0.060268
5 0.060268
6 0.060268
1 0.074786
2 0.074786
1 0.072177
5 0.072177
6 0.072177
1 0.045031
2 0.045031
5 0.045031
6 0.045031
1 0.056584
2 0.056584
5 0.056584
1 0.045663
2 0.045663
5 0.045663
6 0.045663
1 0.083457
3 0.083457
4 0.083457
1 0.063185
3 0.063185
4 0.063185
6 0.063185
1 0.061983
2 0.061983
