1 0.230510
2 0.230510
3 0.230510
1 0.251774
2 0.251774
5 0.251774
1 0.059818
2 0.059818
5 0.059818
1 0.046969
2 0.046969
3 0.046969
1 0.216272
2 0.216272
3 0.216272
5 0.216272
6 0.216272
1 0.121888
2 0.121888
1 0.135642
2 0.135642
3 0.135642
5 0.135642
2 0.087765
3 0.087765
1 0.051842
2 0.051842
3 0.051842
1 0.109095
2 0.109095
1 0.095454
2 0.095454
3 0.095454
4 0.095454
1 0.120762
2 0.120762
3 0.120762
4 0.120762
1 0.075734
2 0.075734
3 0.075734
1 0.058198
2 0.058198
1 0.048956
2 0.048956
3 0.048956
4 0.048956
1 0.077697
2 0.077697
3 0.077697
4 0.077697
1 0.055751
2 0.055751
3 0.055751
4 0.055751
1 0.056951
2 0.056951
3 0.056951
1 0.068632
2 0.068632
3 0.068632
4 0.068632
1 0.051053
2 0.051053
3 0.051053
1 0.053776
2 0.053776
3 0.053776
1 0.059286
3 0.059286
1 0.097989
1 0.081309
1 0.063514
2 0.063514
3 0.063514
2 0.033685
3 0.033685
1 0.042177
1 0.064521
