1 0.317460
2 0.317460
1 0.222621
2 0.222621
1 0.153428
2 0.153428
1 0.143317
2 0.143317
4 0.143317
1 0.049203
2 0.049203
1 0.094144
2 0.094144
1 0.085066
2 0.085066
1 0.079641
2 0.079641
1 0.042509
1 0.038169
2 0.038169
4 0.038169
1 0.060792
2 0.060792
1 0.104791
2 0.104791
1 0.052887
2 0.052887
1 0.104327
2 0.104327
1 0.047748
2 0.047748
1 0.076932
2 0.076932
1 0.062165
2 0.062165
1 0.056835
1 0.065602
2 0.065602
1 0.081297
2 0.081297
1 0.050091
2 0.050091
1 0.047493
2 0.047493
1 0.040386
2 0.040386
4 0.040386
1 0.054398
1 0.064501
2 0.064501
4 0.064501
2 0.054075
1 0.046201
2 0.046201
4 0.046201
1 0.091011
1 0.098358
1 0.041061
1 0.040809
