1 0.324184
2 0.324184
5 0.324184
6 0.324184
1 0.232478
2 0.232478
5 0.232478
6 0.232478
1 0.041968
2 0.041968
5 0.041968
1 0.059324
2 0.059324
5 0.059324
6 0.059324
1 0.236146
2 0.236146
3 0.236146
4 0.236146
1 0.221793
2 0.221793
5 0.221793
2 0.203827
3 0.203827
4 0.203827
1 0.077414
2 0.077414
1 0.051351
2 0.051351
5 0.051351
6 0.051351
1 0.123912
2 0.123912
5 0.123912
2 0.053918
3 0.053918
4 0.053918
1 0.086925
2 0.086925
1 0.052795
2 0.052795
5 0.052795
1 0.077015
2 0.077015
5 0.077015
1 0.104890
2 0.104890
5 0.104890
1 0.104213
3 0.104213
1 0.077537
2 0.077537
1 0.094406
1 0.115825
1 0.065658
1 0.060407
