1 0.211428
3 0.211428
4 0.211428
1 0.136758
2 0.136758
4 0.136758
1 0.085773
2 0.085773
4 0.085773
1 0.171688
2 0.171688
3 0.171688
1 0.075640
3 0.075640
1 0.073958
3 0.073958
1 0.088467
2 0.088467
3 0.088467
4 0.088467
5 0.088467
6 0.088467
1 0.047125
2 0.047125
3 0.047125
1 0.042512
2 0.042512
3 0.042512
4 0.042512
5 0.042512
6 0.042512
1 0.059529
3 0.059529
5 0.059529
1 0.039245
2 0.039245
3 0.039245
4 0.039245
5 0.039245
6 0.039245
1 0.049246
2 0.049246
3 0.049246
4 0.049246
1 0.094669
1 0.122247
3 0.033418
5 0.033418
