1 0.226622
2 0.226622
5 0.226622
1 0.230769
2 0.230769
3 0.230769
6 0.230769
1 0.074064
2 0.074064
3 0.074064
6 0.074064
1 0.279323
2 0.279323
3 0.279323
1 0.070633
2 0.070633
1 0.082016
2 0.082016
3 0.082016
6 0.082016
1 0.039868
2 0.039868
2 0.106258
3 0.106258
4 0.106258
6 0.106258
1 0.144811
2 0.144811
3 0.144811
6 0.144811
1 0.173756
2 0.173756
3 0.173756
1 0.068426
2 0.068426
3 0.068426
6 0.068426
1 0.149900
2 0.149900
3 0.149900
1 0.089623
2 0.089623
3 0.089623
1 0.129587
2 0.129587
3 0.129587
1 0.120122
1 0.064370
2 0.064370
3 0.064370
1 0.075044
1 0.052253
2 0.052253
3 0.052253
1 0.091211
1 0.085322
2 0.040138
3 0.040138
1 0.075797
