1 0.258506
2 0.258506
3 0.258506
1 0.182473
2 0.182473
3 0.182473
1 0.209223
2 0.209223
1 0.117115
2 0.117115
3 0.117115
4 0.117115
5 0.117115
6 0.091145
1 0.104153
2 0.104153
2 0.030955
3 0.030955
4 0.030955
5 0.030955
1 0.046088
2 0.046088
3 0.046088
1 0.044774
2 0.044774
3 0.044774
4 0.044774
5 0.044774
2 0.032419
3 0.032419
4 0.032419
5 0.032419
1 0.038968
2 0.038968
3 0.038968
4 0.038968
5 0.038968
2 0.030979
3 0.030979
1 0.074751
2 0.074751
3 0.074751
1 0.039882
2 0.039882
3 0.039882
2 0.037921
3 0.037921
