1 0.336347
2 0.336347
3 0.336347
1 0.252414
2 0.252414
3 0.252414
4 0.252414
1 0.057341
2 0.057341
3 0.057341
1 0.216322
4 0.216322
1 0.186791
2 0.186791
3 0.186791
4 0.186791
1 0.230688
2 0.230688
1 0.053142
2 0.053142
3 0.053142
4 0.053142
1 0.061076
2 0.061076
3 0.061076
4 0.061076
1 0.109683
2 0.109683
1 0.086912
1 0.062677
2 0.062677
3 0.062677
1 0.092321
2 0.092321
1 0.144381
1 0.056943
4 0.056943
1 0.069095
2 0.069095
3 0.069095
4 0.069095
1 0.070087
1 0.074687
2 0.074687
1 0.148706
1 0.068810
1 0.133734
1 0.063655
1 0.123857
1 0.066944
3 0.066944
1 0.068493
1 0.081783
2 0.081783
1 0.065885
1 0.067347
1 0.079034
