1 0.273456
2 0.273456
3 0.273456
4 0.273456
5 0.273456
6 0.273456
1 0.048817
2 0.048817
3 0.048817
4 0.048817
5 0.048817
6 0.048817
1 0.230972
3 0.230972
4 0.230972
5 0.230972
1 0.216805
3 0.216805
4 0.216805
1 0.047453
2 0.047453
3 0.047453
4 0.047453
5 0.047453
6 0.047453
1 0.182280
4 0.182280
1 0.040439
3 0.040439
4 0.040439
5 0.040439
1 0.045164
2 0.045164
3 0.045164
4 0.045164
5 0.045164
6 0.045164
1 0.105827
1 0.053076
3 0.053076
4 0.053076
1 0.052643
2 0.052643
3 0.052643
4 0.052643
1 0.137751
1 0.091098
1 0.044214
3 0.044214
4 0.044214
1 0.084076
