1 0.570439
2 0.570439
3 0.570439
4 0.570439
5 0.570439
6 0.570439
1 0.551668
2 0.551668
3 0.551668
4 0.551668
5 0.551668
6 0.551668
1 0.087825
2 0.087825
3 0.087825
4 0.087825
5 0.087825
6 0.087825
1 0.477996
2 0.477996
3 0.477996
4 0.477996
5 0.477996
6 0.477996
1 0.076460
2 0.076460
3 0.076460
4 0.076460
5 0.076460
6 0.076460
1 0.075887
2 0.075887
3 0.075887
4 0.075887
5 0.075887
6 0.075887
1 0.063925
2 0.063925
3 0.063925
4 0.063925
5 0.063925
6 0.063925
1 0.351699
2 0.351699
3 0.351699
4 0.351699
1 0.227554
2 0.227554
3 0.227554
1 0.056609
2 0.056609
3 0.056609
1 0.060761
2 0.060761
3 0.060761
2 0.057152
4 0.057152
4 0.030451
2 0.059718
4 0.059718
