1 0.558626
2 0.558626
3 0.558626
4 0.558626
5 0.558626
1 0.077109
2 0.077109
3 0.077109
4 0.077109
5 0.077109
1 0.076205
2 0.076205
3 0.076205
4 0.076205
5 0.076205
1 0.637348
2 0.637348
3 0.637348
4 0.637348
1 0.071407
2 0.071407
3 0.071407
4 0.071407
5 0.071407
1 0.086526
2 0.086526
3 0.086526
1 0.363945
2 0.363945
3 0.363945
4 0.363945
1 0.072779
2 0.072779
3 0.072779
4 0.072779
1 0.069757
2 0.069757
3 0.069757
4 0.069757
1 0.116692
2 0.116692
3 0.116692
1 0.199929
2 0.199929
3 0.199929
1 0.173717
2 0.173717
3 0.173717
1 0.108452
2 0.108452
3 0.108452
1 0.096603
2 0.096603
3 0.096603
1 0.076978
2 0.076978
3 0.076978
