1 0.225059
2 0.225059
3 0.225059
4 0.225059
1 0.306672
3 0.306672
4 0.306672
1 0.288401
2 0.288401
1 0.234969
2 0.234969
3 0.234969
4 0.234969
1 0.235016
2 0.235016
1 0.103565
2 0.103565
3 0.103565
4 0.103565
5 0.103565
1 0.049569
2 0.049569
3 0.049569
4 0.049569
1 0.062058
2 0.062058
3 0.062058
4 0.062058
1 0.084966
2 0.084966
6 0.084966
1 0.084671
2 0.084671
3 0.084671
4 0.084671
1 0.142204
2 0.142204
3 0.142204
5 0.142204
1 0.174454
1 0.066862
2 0.066862
3 0.066862
4 0.066862
1 0.090828
2 0.090828
3 0.090828
1 0.067512
2 0.067512
3 0.067512
5 0.067512
1 0.075242
2 0.075242
6 0.075242
1 0.079404
2 0.079404
3 0.079404
1 0.081108
2 0.081108
3 0.081108
1 0.082554
2 0.082554
3 0.082554
1 0.060398
3 0.060398
4 0.060398
1 0.065313
2 0.065313
1 0.108227
1 0.043071
2 0.043071
1 0.088429
5 0.040483
6 0.040483
6 0.028819
