1 0.201835
2 0.201835
4 0.201835
1 0.185035
2 0.185035
6 0.185035
1 0.184137
2 0.184137
3 0.184137
5 0.184137
6 0.184137
1 0.043798
2 0.043798
3 0.043798
5 0.043798
6 0.043798
1 0.093529
2 0.093529
3 0.093529
1 0.069628
2 0.069628
1 0.054943
2 0.054943
4 0.054943
5 0.054943
6 0.054943
1 0.081550
2 0.081550
1 0.101124
2 0.101124
1 0.052247
2 0.052247
3 0.052247
1 0.068046
2 0.068046
3 0.068046
1 0.083874
2 0.083874
1 0.057350
2 0.057350
5 0.057350
1 0.126933
1 0.104971
1 0.058200
2 0.058200
1 0.066121
2 0.066121
5 0.036887
1 0.077212
3 0.077212
1 0.054052
2 0.054052
3 0.054052
1 0.071772
1 0.088509
