1 0.299951
2 0.299951
3 0.299951
4 0.299951
5 0.299951
6 0.299951
1 0.188952
2 0.188952
1 0.144682
2 0.144682
4 0.144682
5 0.144682
6 0.144682
2 0.120290
4 0.120290
1 0.037723
2 0.037723
4 0.037723
5 0.037723
6 0.037723
1 0.126867
2 0.126867
3 0.126867
1 0.070677
2 0.059752
1 0.078921
2 0.078921
3 0.078921
4 0.078921
1 0.049798
2 0.049798
4 0.049798
1 0.043341
2 0.043341
4 0.043341
5 0.043341
1 0.055305
3 0.055305
1 0.056648
2 0.056648
1 0.113227
2 0.044412
3 0.044412
4 0.044412
1 0.051119
2 0.051119
1 0.051104
3 0.036181
