1 0.663869
2 0.663869
3 0.663869
4 0.663869
5 0.663869
6 0.663869
1 0.514344
2 0.514344
3 0.514344
5 0.514344
6 0.514344
1 0.076183
2 0.076183
3 0.076183
5 0.076183
6 0.076183
1 0.090007
2 0.090007
3 0.090007
4 0.090007
5 0.090007
6 0.090007
1 0.084897
2 0.084897
3 0.084897
4 0.084897
5 0.084897
6 0.084897
1 0.080079
2 0.080079
3 0.080079
4 0.080079
5 0.080079
6 0.080079
1 0.055985
2 0.055985
3 0.055985
5 0.055985
6 0.055985
1 0.070350
2 0.070350
3 0.070350
4 0.070350
5 0.070350
6 0.070350
1 0.351916
2 0.351916
5 0.351916
6 0.351916
