1 0.259627
2 0.259627
3 0.259627
4 0.259627
5 0.259627
1 0.165428
2 0.165428
3 0.165428
4 0.165428
3 0.097388
4 0.097388
1 0.110349
2 0.110349
3 0.110349
5 0.110349
6 0.110349
1 0.119798
3 0.119798
4 0.119798
1 0.041840
2 0.041840
5 0.041840
6 0.041840
1 0.103927
2 0.103927
3 0.103927
1 0.041773
2 0.041773
3 0.041773
1 0.115157
3 0.115157
1 0.046913
3 0.046913
1 0.050421
3 0.050421
1 0.030833
2 0.030833
1 0.065285
1 0.072500
3 0.072500
4 0.072500
1 0.039940
3 0.053705
1 0.057018
1 0.048538
1 0.050388
