1 0.286142
2 0.286142
3 0.286142
5 0.286142
6 0.286142
1 0.285359
2 0.285359
3 0.285359
4 0.285359
5 0.285359
6 0.285359
1 0.047552
2 0.047552
3 0.047552
5 0.047552
6 0.047552
1 0.045967
2 0.045967
3 0.045967
5 0.045967
6 0.045967
1 0.131708
3 0.131708
4 0.131708
5 0.131708
1 0.047655
2 0.047655
3 0.047655
4 0.047655
5 0.047655
6 0.047655
1 0.050390
2 0.050390
3 0.050390
4 0.050390
5 0.050390
1 0.064394
3 0.064394
4 0.064394
1 0.117237
4 0.117237
1 0.062106
4 0.062106
6 0.062106
4 0.064062
4 0.045086
1 0.053089
2 0.053089
3 0.053089
1 0.046513
2 0.046513
3 0.046513
1 0.043088
