1 0.275546
2 0.275546
5 0.275546
6 0.275546
1 0.045998
2 0.045998
5 0.045998
6 0.045998
1 0.216905
2 0.216905
3 0.216905
4 0.216905
5 0.216905
6 0.216905
1 0.163127
2 0.163127
1 0.121780
4 0.121780
6 0.121780
1 0.046445
2 0.046445
3 0.046445
4 0.046445
5 0.046445
1 0.069448
2 0.069448
5 0.069448
2 0.051016
5 0.051016
6 0.051016
1 0.079472
2 0.079472
3 0.079472
4 0.079472
1 0.040018
5 0.040018
6 0.040018
1 0.036192
2 0.036192
1 0.071283
2 0.071283
3 0.071283
1 0.070746
2 0.070746
4 0.070746
1 0.062216
2 0.062216
1 0.061957
2 0.061957
3 0.027658
5 0.027658
6 0.027658
1 0.044113
2 0.044113
3 0.044113
1 0.041688
2 0.041688
1 0.048539
2 0.048539
1 0.045881
3 0.045881
