1 0.262740
2 0.262740
5 0.262740
6 0.262740
1 0.204613
2 0.204613
6 0.204613
1 0.212261
2 0.212261
1 0.066372
2 0.066372
1 0.067382
2 0.067382
1 0.058766
2 0.058766
5 0.058766
1 0.066245
2 0.066245
1 0.104927
2 0.104927
1 0.081291
2 0.081291
5 0.081291
6 0.081291
1 0.070623
2 0.070623
5 0.070623
6 0.070623
1 0.161931
2 0.055676
1 0.055220
2 0.055220
3 0.055220
1 0.064163
5 0.064163
6 0.064163
1 0.050822
2 0.050822
1 0.044387
2 0.044387
5 0.044387
6 0.044387
1 0.046938
2 0.046938
3 0.046938
2 0.044722
3 0.044722
1 0.045760
2 0.045760
