1 0.232981
2 0.232981
3 0.232981
4 0.232981
5 0.232981
6 0.232981
1 0.048853
2 0.048853
3 0.048853
4 0.048853
5 0.048853
6 0.048853
1 0.110768
2 0.110768
3 0.110768
1 0.127972
2 0.127972
5 0.127972
3 0.105433
3 0.105819
4 0.105819
2 0.077048
5 0.077048
6 0.077048
1 0.103512
2 0.103512
1 0.117023
2 0.117023
1 0.060706
2 0.060706
3 0.060706
3 0.037376
1 0.025271
2 0.025271
5 0.025271
6 0.025271
2 0.041088
3 0.041088
1 0.084163
3 0.084163
4 0.084163
4 0.051782
1 0.114983
3 0.035093
4 0.035093
1 0.049971
2 0.049971
3 0.051784
1 0.044426
3 0.044426
4 0.044426
1 0.048553
1 0.030299
2 0.030299
3 0.030299
1 0.055745
