1 0.489452
2 0.489452
3 0.489452
4 0.489452
1 0.380537
2 0.380537
3 0.380537
4 0.380537
1 0.188742
2 0.188742
3 0.188742
4 0.188742
1 0.151518
2 0.151518
3 0.151518
4 0.151518
2 0.445815
3 0.445815
4 0.445815
5 0.445815
2 0.099128
3 0.099128
4 0.099128
2 0.067472
3 0.067472
4 0.067472
5 0.067472
2 0.073701
3 0.073701
4 0.073701
1 0.108414
2 0.108414
3 0.108414
1 0.094719
2 0.094719
3 0.094719
1 0.080385
2 0.080385
3 0.080385
4 0.080385
2 0.064784
3 0.064784
4 0.064784
1 0.070520
2 0.070520
3 0.070520
4 0.070520
