1 0.240318
2 0.240318
3 0.240318
5 0.240318
1 0.164674
2 0.164674
3 0.164674
4 0.164674
5 0.164674
6 0.164674
1 0.065497
2 0.065497
3 0.065497
1 0.150333
2 0.150333
3 0.150333
4 0.150333
1 0.066492
2 0.066492
3 0.066492
4 0.066492
5 0.066492
1 0.062777
2 0.062777
3 0.062777
4 0.062777
1 0.147000
3 0.147000
1 0.056467
2 0.056467
3 0.056467
4 0.056467
1 0.076029
2 0.076029
3 0.076029
4 0.076029
5 0.076029
6 0.076029
1 0.066056
2 0.066056
3 0.066056
4 0.066056
1 0.087160
2 0.087160
3 0.087160
1 0.068303
2 0.068303
3 0.068303
4 0.068303
1 0.048148
2 0.048148
3 0.048148
4 0.048148
1 0.049495
2 0.049495
3 0.049495
1 0.047406
2 0.047406
3 0.047406
1 0.123366
1 0.036831
2 0.036831
3 0.036831
5 0.036831
6 0.036831
1 0.045018
2 0.045018
3 0.045018
