1 0.706503
2 0.706503
3 0.706503
4 0.706503
5 0.706503
1 0.096792
2 0.096792
3 0.096792
4 0.096792
5 0.096792
1 0.094208
2 0.094208
3 0.094208
4 0.094208
5 0.094208
1 0.089448
2 0.089448
3 0.089448
4 0.089448
5 0.089448
1 0.452880
2 0.452880
4 0.452880
1 0.379703
3 0.379703
4 0.379703
1 0.399506
2 0.399506
1 0.342970
2 0.342970
3 0.342970
1 0.258905
2 0.258905
4 0.258905
1 0.254287
2 0.254287
4 0.254287
1 0.127919
2 0.127919
3 0.127919
4 0.127919
1 0.065533
2 0.065533
4 0.065533
1 0.056790
2 0.056790
3 0.056790
1 0.061561
2 0.061561
3 0.061561
4 0.061561
1 0.136327
1 0.239494
1 0.244531
2 0.244531
3 0.244531
1 0.244381
1 0.093389
4 0.093389
2 0.095977
3 0.095977
1 0.118630
3 0.118630
1 0.055468
2 0.055468
