1 0.268348
2 0.268348
3 0.268348
4 0.268348
5 0.268348
6 0.268348
1 0.202215
2 0.202215
3 0.202215
5 0.202215
6 0.202215
1 0.142793
2 0.142793
3 0.142793
4 0.142793
1 0.048818
2 0.048818
3 0.048818
1 0.060739
2 0.060739
3 0.060739
4 0.060739
2 0.116396
3 0.116396
1 0.068721
2 0.068721
3 0.068721
4 0.068721
1 0.080645
2 0.080645
3 0.080645
4 0.080645
1 0.046443
2 0.046443
3 0.046443
1 0.062432
2 0.062432
3 0.062432
1 0.049606
2 0.049606
3 0.049606
4 0.049606
1 0.124392
1 0.056353
2 0.056353
3 0.056353
4 0.056353
1 0.134549
1 0.052546
2 0.052546
3 0.052546
4 0.052546
1 0.051412
3 0.051412
1 0.085390
