2 0.190721
4 0.190721
5 0.190721
6 0.190721
1 0.229946
2 0.229946
3 0.229946
5 0.229946
6 0.229946
1 0.160524
2 0.160524
4 0.160524
5 0.160524
1 0.057459
2 0.057459
3 0.057459
4 0.057459
5 0.057459
6 0.057459
1 0.055860
2 0.055860
3 0.055860
4 0.055860
5 0.055860
6 0.055860
1 0.059729
2 0.059729
3 0.059729
5 0.059729
6 0.059729
1 0.132952
2 0.132952
4 0.132952
5 0.132952
1 0.070358
2 0.070358
4 0.070358
1 0.110110
2 0.110110
1 0.060283
2 0.060283
3 0.060283
5 0.060283
1 0.043012
2 0.043012
4 0.043012
1 0.073590
2 0.073590
4 0.073590
1 0.069258
2 0.069258
3 0.069258
5 0.069258
1 0.057885
2 0.057885
3 0.057885
4 0.057885
1 0.076199
2 0.076199
3 0.076199
1 0.078783
2 0.078783
1 0.100382
1 0.086245
3 0.086245
1 0.061734
2 0.061734
3 0.061734
1 0.037309
2 0.037309
5 0.037309
1 0.057272
