1 0.238966
3 0.238966
5 0.238966
6 0.238966
1 0.253274
3 0.253274
4 0.253274
5 0.253274
6 0.253274
2 0.228859
3 0.228859
5 0.228859
6 0.228859
3 0.110444
4 0.110444
5 0.110444
6 0.110444
1 0.082227
2 0.082227
3 0.082227
1 0.046556
2 0.046556
3 0.046556
5 0.046556
6 0.046556
1 0.132969
1 0.058071
3 0.058071
4 0.058071
1 0.091599
3 0.091599
4 0.091599
5 0.091599
1 0.070937
3 0.070937
6 0.070937
1 0.097718
2 0.097718
3 0.097718
1 0.052188
3 0.052188
4 0.052188
1 0.061700
3 0.061700
3 0.058929
4 0.058929
1 0.032819
3 0.032819
