1 0.148308
3 0.148308
4 0.148308
5 0.148308
1 0.073242
3 0.073242
4 0.073242
5 0.073242
6 0.073242
1 0.055510
3 0.055510
4 0.055510
5 0.055510
1 0.052187
3 0.052187
4 0.052187
5 0.052187
1 0.112780
3 0.112780
4 0.112780
5 0.112780
6 0.112780
1 0.053779
3 0.053779
4 0.053779
5 0.053779
6 0.053779
1 0.060802
3 0.060802
4 0.060802
1 0.056863
3 0.056863
4 0.056863
5 0.056863
1 0.076219
3 0.076219
4 0.076219
5 0.076219
6 0.076219
1 0.059874
3 0.059874
4 0.059874
5 0.059874
1 0.051621
3 0.051621
4 0.051621
1 0.044031
3 0.044031
4 0.044031
1 0.048863
3 0.048863
4 0.048863
1 0.052393
3 0.052393
4 0.052393
1 0.078846
3 0.078846
4 0.078846
1 0.062417
4 0.062417
6 0.062417
1 0.049838
3 0.049838
4 0.049838
5 0.049838
1 0.052343
3 0.052343
4 0.052343
1 0.054126
3 0.054126
4 0.054126
1 0.038735
3 0.038735
4 0.038735
1 0.029844
3 0.029844
4 0.029844
1 0.031365
4 0.031365
