1 0.281562
2 0.281562
3 0.281562
4 0.281562
1 0.058256
2 0.058256
3 0.058256
4 0.058256
1 0.293476
2 0.293476
1 0.050731
2 0.050731
3 0.050731
4 0.050731
1 0.048599
2 0.048599
3 0.048599
4 0.048599
1 0.214375
2 0.214375
3 0.214375
4 0.214375
1 0.227418
3 0.227418
4 0.227418
1 0.065939
3 0.065939
4 0.065939
2 0.095691
3 0.095691
4 0.095691
1 0.100142
3 0.100142
1 0.087565
3 0.087565
4 0.087565
2 0.048514
3 0.048514
4 0.048514
2 0.035744
3 0.035744
4 0.035744
1 0.087500
3 0.087500
4 0.087500
1 0.119869
3 0.119869
4 0.119869
1 0.068177
3 0.068177
4 0.068177
1 0.050074
3 0.050074
1 0.073337
2 0.073337
4 0.073337
1 0.118913
1 0.043848
2 0.043848
3 0.043848
4 0.043848
1 0.052266
2 0.052266
3 0.052266
4 0.052266
2 0.045186
3 0.045186
1 0.084927
3 0.031206
4 0.031206
