1 0.266119
3 0.266119
5 0.266119
6 0.266119
1 0.175488
2 0.175488
5 0.175488
2 0.151990
3 0.151990
4 0.151990
5 0.151990
6 0.151990
2 0.196181
5 0.196181
6 0.196181
2 0.077769
2 0.048405
3 0.048405
4 0.048405
1 0.079058
2 0.079058
3 0.079058
4 0.079058
1 0.144071
2 0.144071
5 0.144071
1 0.076714
2 0.076714
2 0.046511
3 0.046511
4 0.046511
1 0.046202
2 0.046202
3 0.046202
1 0.070551
1 0.085582
1 0.047366
1 0.044160
3 0.044160
1 0.034422
1 0.041127
3 0.041127
4 0.041127
3 0.037131
4 0.037131
1 0.033077
3 0.033077
2 0.028391
5 0.028391
1 0.058489
