1 0.169045
2 0.169045
3 0.169045
4 0.169045
1 0.177573
2 0.177573
5 0.177573
1 0.213608
2 0.213608
3 0.213608
1 0.065065
3 0.065065
5 0.065065
2 0.078919
4 0.078919
1 0.259964
1 0.168449
2 0.168449
3 0.168449
1 0.081690
1 0.053392
2 0.053392
3 0.053392
1 0.074584
4 0.074584
1 0.174666
2 0.174666
3 0.174666
5 0.091001
2 0.061085
1 0.100939
2 0.100939
3 0.100939
5 0.100939
1 0.095551
4 0.095551
1 0.061102
2 0.061102
3 0.061102
1 0.084199
2 0.084199
3 0.084199
1 0.059268
2 0.059268
1 0.060337
2 0.060337
3 0.060337
4 0.060337
1 0.134816
1 0.087129
2 0.087129
3 0.087129
2 0.061007
3 0.061007
1 0.072860
2 0.072860
3 0.072860
1 0.065652
2 0.065652
3 0.065652
1 0.078576
3 0.078576
4 0.078576
1 0.037752
2 0.037752
5 0.037752
1 0.059772
2 0.059772
3 0.059772
1 0.063503
3 0.063503
1 0.093594
1 0.057770
3 0.057770
1 0.049920
3 0.049920
4 0.049920
1 0.077005
1 0.079165
1 0.059796
