1 0.271027
2 0.271027
2 0.167442
3 0.167442
2 0.041663
3 0.041663
1 0.225973
1 0.084134
2 0.084134
1 0.244443
1 0.048152
2 0.048152
1 0.255545
1 0.088874
1 0.038584
2 0.038584
3 0.038584
2 0.089622
1 0.049148
2 0.049148
1 0.069452
2 0.069452
1 0.049777
2 0.049777
3 0.049777
2 0.059303
1 0.051070
2 0.051070
3 0.051070
1 0.038509
2 0.038509
3 0.038509
1 0.123983
1 0.091306
1 0.054282
2 0.054282
1 0.058619
2 0.058619
1 0.094079
1 0.040127
2 0.040127
1 0.110724
2 0.110724
2 0.047910
1 0.048565
2 0.048565
