1 0.302617
2 0.302617
3 0.302617
4 0.302617
5 0.302617
6 0.302617
1 0.079871
2 0.079871
3 0.079871
4 0.079871
5 0.079871
6 0.079871
1 0.219633
2 0.219633
1 0.080133
2 0.080133
3 0.080133
4 0.080133
5 0.080133
6 0.080133
1 0.152994
2 0.152994
1 0.079787
2 0.079787
3 0.079787
4 0.079787
1 0.067773
2 0.067773
3 0.067773
4 0.067773
5 0.067773
6 0.067773
1 0.044343
2 0.044343
1 0.064449
2 0.064449
3 0.064449
1 0.048402
2 0.048402
3 0.048402
4 0.048402
5 0.048402
1 0.047848
2 0.047848
3 0.047848
4 0.047848
1 0.070728
