1 0.292456
3 0.292456
1 0.214479
2 0.214479
3 0.214479
4 0.214479
2 0.039100
3 0.039100
4 0.039100
1 0.232717
2 0.232717
1 0.054445
2 0.054445
1 0.140761
3 0.140761
2 0.034775
3 0.034775
4 0.034775
1 0.032521
3 0.032521
2 0.043578
3 0.043578
4 0.043578
1 0.047786
2 0.047786
3 0.047786
4 0.047786
2 0.101546
1 0.101631
2 0.101631
1 0.045207
2 0.045207
3 0.045207
4 0.045207
1 0.070444
2 0.070444
3 0.070444
1 0.061851
2 0.061851
3 0.061851
1 0.055392
2 0.055392
3 0.055392
1 0.056905
2 0.056905
2 0.040312
3 0.040312
4 0.040312
1 0.081775
1 0.115355
1 0.081339
1 0.107880
1 0.101367
1 0.076691
3 0.035437
1 0.077943
