1 0.257466
2 0.257466
3 0.257466
4 0.257466
5 0.257466
6 0.257466
1 0.095696
2 0.095696
3 0.095696
4 0.095696
5 0.095696
6 0.095696
1 0.076041
2 0.076041
3 0.076041
4 0.076041
5 0.076041
6 0.076041
1 0.079782
2 0.079782
3 0.079782
4 0.079782
5 0.079782
6 0.079782
3 0.099494
4 0.099494
5 0.099494
6 0.099494
1 0.088063
2 0.088063
3 0.088063
4 0.088063
5 0.088063
6 0.088063
1 0.058976
3 0.058976
4 0.058976
5 0.058976
1 0.084285
2 0.084285
3 0.084285
4 0.084285
5 0.084285
1 0.064812
2 0.064812
3 0.064812
4 0.064812
5 0.064812
6 0.064812
1 0.106415
4 0.106415
1 0.050620
4 0.050620
1 0.074791
4 0.074791
5 0.074791
1 0.066093
2 0.066093
3 0.066093
4 0.066093
1 0.069961
3 0.069961
4 0.069961
1 0.061571
3 0.061571
1 0.054059
4 0.054059
1 0.078784
