1 0.264484
3 0.264484
5 0.264484
6 0.264484
1 0.236737
2 0.236737
3 0.236737
4 0.236737
5 0.236737
6 0.236737
2 0.213276
3 0.213276
5 0.213276
6 0.213276
1 0.053323
2 0.053323
3 0.053323
5 0.053323
2 0.169519
3 0.169519
4 0.169519
5 0.169519
6 0.169519
1 0.052026
2 0.052026
3 0.052026
5 0.052026
1 0.068314
2 0.068314
3 0.068314
4 0.068314
5 0.068314
2 0.063404
3 0.063404
4 0.063404
5 0.063404
1 0.048427
2 0.048427
3 0.048427
4 0.048427
5 0.048427
1 0.034440
3 0.034440
1 0.067880
2 0.067880
3 0.067880
4 0.067880
1 0.039300
3 0.039300
1 0.074574
3 0.074574
4 0.074574
1 0.063368
1 0.043494
4 0.043494
1 0.051105
2 0.051105
3 0.051105
4 0.051105
3 0.028064
1 0.030528
4 0.030528
1 0.041128
3 0.041128
4 0.041128
