1 0.297735
2 0.297735
3 0.297735
1 0.249964
2 0.249964
3 0.249964
4 0.249964
1 0.064726
2 0.064726
3 0.064726
4 0.064726
1 0.052865
2 0.052865
3 0.052865
1 0.108433
2 0.108433
3 0.108433
4 0.108433
1 0.235035
1 0.060189
2 0.060189
3 0.060189
1 0.093522
2 0.093522
3 0.093522
4 0.093522
1 0.061610
2 0.061610
3 0.061610
4 0.061610
1 0.055534
2 0.055534
3 0.055534
4 0.055534
1 0.069532
2 0.069532
3 0.069532
4 0.069532
1 0.071817
1 0.051642
2 0.051642
3 0.051642
4 0.051642
1 0.105967
1 0.062072
2 0.062072
1 0.063612
2 0.063612
3 0.063612
4 0.063612
1 0.053665
2 0.053665
3 0.053665
1 0.055096
2 0.055096
3 0.055096
1 0.057461
2 0.057461
3 0.057461
1 0.087244
1 0.074182
