1 0.204241
2 0.204241
3 0.204241
4 0.204241
5 0.204241
6 0.204241
1 0.046281
3 0.046281
4 0.046281
5 0.046281
1 0.202010
2 0.202010
1 0.065136
3 0.065136
4 0.065136
1 0.053717
2 0.053717
1 0.168279
2 0.168279
4 0.168279
5 0.168279
1 0.052916
3 0.052916
4 0.052916
5 0.052916
1 0.063762
3 0.063762
4 0.063762
1 0.104718
1 0.061876
2 0.061876
4 0.061876
5 0.061876
1 0.076896
1 0.081617
2 0.081617
4 0.081617
1 0.111848
1 0.052047
2 0.052047
3 0.052047
4 0.052047
5 0.052047
6 0.052047
1 0.057790
2 0.057790
4 0.057790
1 0.089153
2 0.089153
4 0.089153
1 0.053673
2 0.053673
4 0.053673
1 0.061250
3 0.061250
4 0.061250
1 0.068122
4 0.068122
