2 0.293373
5 0.293373
6 0.293373
1 0.210853
3 0.210853
4 0.210853
5 0.210853
6 0.210853
1 0.063763
2 0.063763
5 0.063763
6 0.063763
1 0.146894
5 0.146894
6 0.146894
3 0.047142
4 0.047142
5 0.047142
6 0.047142
3 0.053220
4 0.053220
5 0.053220
6 0.053220
1 0.139300
2 0.139300
3 0.139300
5 0.139300
1 0.106379
2 0.106379
5 0.106379
1 0.097030
2 0.097030
1 0.042807
3 0.042807
4 0.042807
5 0.042807
1 0.114072
2 0.114072
1 0.053673
3 0.053673
4 0.053673
5 0.053673
1 0.041077
2 0.041077
3 0.041077
1 0.052532
1 0.078908
2 0.078908
1 0.051783
2 0.051783
1 0.050967
2 0.050967
