1 0.255665
3 0.255665
4 0.255665
5 0.255665
6 0.255665
1 0.233588
3 0.233588
4 0.233588
5 0.233588
6 0.233588
1 0.227143
3 0.227143
4 0.227143
5 0.227143
6 0.227143
1 0.043210
3 0.043210
4 0.043210
5 0.043210
6 0.043210
1 0.073102
2 0.073102
3 0.073102
4 0.073102
5 0.073102
6 0.073102
1 0.049362
2 0.049362
3 0.049362
4 0.049362
5 0.049362
1 0.052691
2 0.052691
3 0.052691
4 0.052691
5 0.052691
6 0.052691
1 0.088021
2 0.088021
3 0.088021
4 0.088021
5 0.088021
1 0.074274
2 0.074274
3 0.074274
4 0.074274
5 0.074274
6 0.074274
1 0.045707
2 0.045707
3 0.045707
4 0.045707
1 0.075519
2 0.075519
3 0.075519
4 0.075519
1 0.096006
2 0.096006
3 0.096006
4 0.096006
1 0.055979
2 0.055979
3 0.055979
4 0.055979
