1 0.253279
2 0.253279
3 0.253279
4 0.253279
1 0.184255
2 0.184255
3 0.184255
4 0.184255
1 0.193480
2 0.193480
4 0.193480
1 0.175160
2 0.175160
1 0.046455
2 0.046455
4 0.046455
1 0.079364
2 0.079364
4 0.079364
1 0.070717
2 0.070717
3 0.070717
4 0.070717
1 0.100890
2 0.100890
4 0.100890
1 0.062890
2 0.062890
4 0.062890
1 0.109476
2 0.109476
4 0.109476
2 0.126691
3 0.126691
5 0.126691
4 0.140679
1 0.048618
2 0.048618
3 0.048618
1 0.103987
2 0.103987
2 0.044464
2 0.065924
1 0.079850
2 0.035739
2 0.047157
1 0.045140
2 0.045140
3 0.045140
1 0.052248
3 0.052248
1 0.135974
1 0.046241
2 0.046241
3 0.046241
1 0.042081
2 0.042081
3 0.042081
3 0.047803
1 0.069925
1 0.052268
2 0.052268
3 0.052268
4 0.052268
1 0.090337
