1 0.251682
3 0.251682
4 0.251682
2 0.188994
1 0.192637
2 0.192637
3 0.192637
4 0.192637
5 0.192637
1 0.217638
2 0.217638
3 0.217638
4 0.217638
1 0.121728
2 0.121728
3 0.121728
4 0.121728
5 0.121728
1 0.065967
2 0.065967
3 0.065967
4 0.065967
3 0.159608
1 0.050412
3 0.050412
4 0.050412
1 0.095521
2 0.095521
3 0.095521
4 0.095521
1 0.050814
3 0.050814
4 0.050814
1 0.127074
4 0.127074
1 0.090870
2 0.090870
3 0.090870
1 0.056751
3 0.056751
4 0.056751
1 0.152002
3 0.038940
3 0.034181
1 0.041151
2 0.041151
3 0.041151
4 0.041151
