1 0.192346
3 0.192346
4 0.192346
5 0.192346
1 0.184983
2 0.184983
3 0.184983
4 0.184983
5 0.184983
1 0.058250
2 0.058250
3 0.058250
4 0.058250
5 0.058250
1 0.083984
2 0.083984
3 0.083984
4 0.083984
1 0.154684
2 0.154684
4 0.154684
5 0.154684
1 0.046981
2 0.046981
1 0.053860
2 0.053860
3 0.053860
4 0.053860
1 0.047843
3 0.047843
4 0.047843
1 0.062577
2 0.062577
4 0.062577
5 0.062577
1 0.068759
2 0.068759
1 0.047658
2 0.047658
4 0.047658
5 0.047658
1 0.066213
3 0.066213
4 0.066213
1 0.075253
2 0.075253
3 0.075253
4 0.075253
1 0.143783
1 0.075530
3 0.075530
1 0.163101
1 0.093228
3 0.093228
1 0.089164
3 0.089164
1 0.053558
2 0.053558
3 0.053558
4 0.053558
1 0.115055
1 0.087359
3 0.087359
1 0.046988
3 0.046988
4 0.046988
1 0.050327
2 0.050327
3 0.050327
4 0.050327
1 0.054377
2 0.054377
3 0.054377
4 0.054377
1 0.060246
2 0.060246
4 0.060246
1 0.056982
2 0.056982
3 0.056982
4 0.056982
1 0.049982
3 0.049982
4 0.049982
1 0.058076
2 0.058076
1 0.081792
1 0.081308
