1 0.359285
1 0.197223
2 0.197223
3 0.197223
4 0.197223
1 0.060878
4 0.125433
1 0.179916
2 0.179916
1 0.103204
2 0.103204
1 0.038663
2 0.038663
3 0.038663
4 0.038663
1 0.102904
2 0.102904
1 0.111030
3 0.111030
4 0.111030
1 0.051934
2 0.051934
1 0.071783
2 0.071783
1 0.047877
2 0.047877
4 0.047877
1 0.079740
3 0.079740
4 0.079740
1 0.065965
3 0.065965
4 0.065965
1 0.047184
2 0.047184
3 0.047184
4 0.047184
1 0.108840
2 0.108840
1 0.050311
2 0.050311
1 0.055518
2 0.055518
1 0.106939
3 0.106939
1 0.096672
3 0.096672
1 0.082118
3 0.082118
1 0.078429
2 0.078429
1 0.085677
3 0.085677
1 0.085242
2 0.085242
1 0.077962
1 0.081327
3 0.081327
1 0.086049
3 0.086049
1 0.077449
2 0.077449
1 0.102340
1 0.109999
1 0.040209
2 0.040209
1 0.097635
1 0.079282
