1 0.294084
2 0.294084
3 0.294084
5 0.294084
2 0.123193
3 0.123193
4 0.123193
5 0.123193
1 0.142561
3 0.142561
4 0.142561
1 0.089013
2 0.089013
4 0.089013
1 0.152690
2 0.152690
3 0.152690
2 0.065473
3 0.065473
4 0.065473
1 0.075476
3 0.075476
2 0.031624
3 0.031624
4 0.031624
5 0.031624
6 0.031624
2 0.077287
3 0.077287
4 0.077287
2 0.044798
3 0.044798
4 0.044798
1 0.148303
2 0.043036
4 0.092469
5 0.092469
1 0.061299
2 0.061299
1 0.053888
1 0.069091
2 0.069091
2 0.032926
3 0.032926
1 0.067832
1 0.077538
2 0.077538
3 0.077538
1 0.064488
3 0.064488
1 0.050916
5 0.050916
1 0.056071
2 0.056071
1 0.051510
1 0.049504
2 0.049504
