1 0.247390
3 0.247390
4 0.247390
1 0.190426
3 0.190426
4 0.190426
1 0.086530
3 0.086530
4 0.086530
1 0.229002
3 0.229002
4 0.229002
5 0.229002
6 0.229002
1 0.052457
3 0.052457
4 0.052457
5 0.052457
6 0.052457
1 0.212311
2 0.212311
4 0.212311
5 0.212311
6 0.212311
1 0.209006
2 0.209006
1 0.076406
3 0.076406
4 0.076406
5 0.076406
1 0.063477
3 0.063477
4 0.063477
5 0.063477
1 0.061041
3 0.061041
1 0.077383
2 0.077383
4 0.077383
1 0.054575
2 0.054575
4 0.054575
1 0.068081
3 0.068081
4 0.068081
1 0.087475
3 0.087475
4 0.087475
2 0.099647
4 0.099647
1 0.073874
2 0.073874
3 0.073874
4 0.073874
1 0.067787
2 0.067787
4 0.067787
1 0.103305
1 0.053472
3 0.053472
4 0.053472
3 0.032620
4 0.032620
1 0.073527
1 0.037905
3 0.037905
4 0.037905
3 0.033347
4 0.033347
