1 0.183364
2 0.183364
4 0.183364
5 0.183364
1 0.046384
2 0.046384
4 0.046384
1 0.169903
2 0.169903
3 0.169903
4 0.169903
6 0.169903
1 0.048191
2 0.048191
4 0.048191
1 0.043099
2 0.043099
4 0.043099
1 0.073553
2 0.073553
3 0.073553
4 0.073553
1 0.053021
2 0.053021
4 0.053021
1 0.063885
2 0.063885
3 0.063885
1 0.048587
2 0.048587
3 0.048587
4 0.048587
1 0.040920
2 0.040920
4 0.040920
1 0.057681
2 0.057681
3 0.057681
6 0.047665
1 0.047862
2 0.047862
4 0.047862
1 0.050801
4 0.050801
5 0.035041
1 0.081045
