1 0.196428
2 0.196428
3 0.196428
1 0.048919
2 0.048919
3 0.048919
4 0.048919
1 0.130518
2 0.130518
3 0.130518
4 0.130518
5 0.130518
1 0.052175
2 0.052175
3 0.052175
4 0.052175
1 0.112613
2 0.112613
4 0.112613
5 0.112613
1 0.037898
2 0.037898
3 0.037898
4 0.037898
5 0.037898
1 0.043223
2 0.043223
4 0.043223
5 0.043223
1 0.037826
2 0.037826
1 0.058749
2 0.058749
3 0.058749
4 0.058749
5 0.058749
1 0.052529
2 0.052529
3 0.052529
4 0.052529
5 0.052529
1 0.042578
2 0.042578
1 0.038662
2 0.038662
3 0.038662
4 0.038662
5 0.038662
1 0.043580
2 0.043580
3 0.043580
4 0.043580
5 0.043580
1 0.078620
3 0.078620
4 0.078620
1 0.042656
2 0.042656
3 0.042656
4 0.042656
5 0.042656
1 0.047095
2 0.047095
1 0.040603
2 0.040603
1 0.037200
2 0.037200
1 0.041528
2 0.041528
3 0.041528
4 0.041528
5 0.041528
1 0.045642
2 0.045642
3 0.045642
4 0.045642
5 0.045642
1 0.055086
2 0.055086
3 0.055086
4 0.055086
1 0.050694
2 0.050694
3 0.050694
4 0.050694
1 0.058522
3 0.058522
4 0.058522
1 0.050575
2 0.050575
3 0.050575
4 0.050575
1 0.040554
3 0.040554
4 0.040554
1 0.038092
2 0.038092
3 0.038092
4 0.038092
5 0.038092
1 0.056676
1 0.034587
2 0.034587
1 0.031657
3 0.031657
4 0.031657
