1 0.298363
2 0.298363
5 0.298363
6 0.298363
1 0.192061
2 0.192061
4 0.192061
5 0.192061
1 0.184129
2 0.184129
4 0.184129
5 0.184129
1 0.062760
2 0.062760
4 0.062760
5 0.062760
1 0.074636
2 0.074636
4 0.074636
5 0.074636
1 0.054597
2 0.054597
5 0.054597
6 0.054597
1 0.070280
2 0.070280
4 0.070280
5 0.070280
1 0.047645
2 0.047645
5 0.047645
1 0.053047
2 0.053047
5 0.053047
1 0.050596
2 0.050596
4 0.050596
5 0.050596
1 0.053361
2 0.053361
4 0.053361
5 0.053361
1 0.068584
2 0.068584
1 0.134629
1 0.080149
4 0.080149
