1 0.361957
2 0.361957
3 0.361957
4 0.361957
1 0.237772
2 0.237772
1 0.226866
2 0.226866
3 0.226866
4 0.226866
1 0.076709
2 0.076709
1 0.154256
2 0.154256
4 0.154256
1 0.051345
2 0.051345
3 0.051345
4 0.051345
1 0.050527
2 0.050527
1 0.072609
2 0.072609
1 0.077518
2 0.077518
4 0.077518
2 0.063404
4 0.063404
1 0.045116
2 0.045116
4 0.045116
1 0.142250
1 0.087215
2 0.087215
1 0.094745
1 0.081097
4 0.081097
1 0.114609
1 0.062766
2 0.062766
3 0.062766
1 0.067504
1 0.089097
2 0.036002
1 0.082927
1 0.066834
1 0.067746
