1 0.247918
3 0.247918
4 0.247918
1 0.196441
2 0.196441
3 0.196441
4 0.196441
2 0.067907
3 0.067907
4 0.067907
5 0.067907
1 0.207779
2 0.207779
3 0.207779
4 0.207779
6 0.207779
1 0.259321
2 0.259321
3 0.259321
1 0.217192
2 0.217192
1 0.076019
2 0.076019
3 0.076019
1 0.054348
3 0.054348
4 0.054348
1 0.046265
2 0.046265
3 0.046265
4 0.046265
1 0.066998
2 0.066998
3 0.066998
4 0.066998
1 0.046378
3 0.046378
4 0.046378
1 0.071826
2 0.071826
1 0.062558
2 0.062558
3 0.062558
4 0.062558
1 0.084150
2 0.084150
1 0.064985
2 0.064985
3 0.064985
4 0.064985
1 0.047343
2 0.047343
3 0.047343
4 0.047343
2 0.045556
4 0.045556
1 0.097155
1 0.050980
2 0.050980
3 0.050980
4 0.050980
1 0.045257
2 0.045257
3 0.045257
4 0.045257
6 0.045257
1 0.071846
3 0.071846
1 0.042811
3 0.042811
