1 0.290671
2 0.290671
3 0.290671
4 0.290671
1 0.305745
2 0.305745
3 0.305745
5 0.305745
1 0.281286
4 0.281286
5 0.281286
6 0.281286
1 0.081121
2 0.081121
3 0.081121
4 0.081121
5 0.081121
1 0.070690
2 0.070690
3 0.070690
4 0.070690
2 0.116401
4 0.116401
5 0.116401
1 0.052842
2 0.052842
3 0.052842
4 0.052842
5 0.052842
1 0.098944
2 0.098944
3 0.098944
4 0.098944
1 0.053691
2 0.053691
3 0.053691
4 0.053691
1 0.043378
2 0.043378
4 0.043378
1 0.077875
2 0.077875
1 0.073417
2 0.073417
1 0.044323
2 0.044323
3 0.044323
1 0.063387
1 0.086602
