1 0.280882
2 0.280882
4 0.280882
5 0.280882
1 0.245314
2 0.245314
3 0.245314
5 0.245314
6 0.245314
1 0.060794
2 0.060794
4 0.060794
5 0.060794
1 0.053793
2 0.053793
3 0.053793
5 0.053793
1 0.063338
2 0.063338
3 0.063338
1 0.220673
2 0.220673
1 0.084788
2 0.084788
3 0.084788
1 0.147304
2 0.147304
3 0.147304
1 0.064661
2 0.064661
4 0.064661
1 0.071120
5 0.071120
1 0.082716
2 0.082716
4 0.082716
1 0.063601
2 0.063601
3 0.063601
1 0.047682
3 0.047682
1 0.060034
2 0.060034
4 0.060034
1 0.071737
3 0.071737
1 0.116920
1 0.047267
2 0.047267
3 0.047267
1 0.027536
3 0.027536
