1 0.269840
3 0.269840
4 0.269840
1 0.207461
2 0.207461
3 0.207461
4 0.207461
5 0.207461
1 0.261859
2 0.261859
1 0.044601
2 0.044601
3 0.044601
4 0.044601
1 0.055868
2 0.055868
3 0.055868
4 0.055868
1 0.206626
2 0.206626
1 0.057162
2 0.057162
3 0.057162
1 0.140112
2 0.140112
3 0.140112
4 0.140112
1 0.053415
2 0.053415
1 0.075332
2 0.075332
1 0.109819
1 0.055350
2 0.055350
3 0.055350
1 0.139787
1 0.061794
3 0.061794
1 0.055398
3 0.055398
1 0.047184
2 0.047184
3 0.047184
1 0.129260
1 0.073312
1 0.053339
2 0.053339
3 0.053339
1 0.103644
1 0.079889
5 0.053267
3 0.042410
4 0.042410
1 0.083446
