1 0.276217
2 0.276217
3 0.276217
4 0.276217
1 0.053435
2 0.053435
3 0.053435
4 0.053435
1 0.062929
2 0.062929
3 0.062929
4 0.062929
1 0.254557
3 0.254557
1 0.188933
2 0.188933
3 0.188933
1 0.142784
3 0.142784
4 0.142784
5 0.142784
1 0.098267
2 0.098267
3 0.098267
4 0.098267
6 0.098267
1 0.065355
2 0.065355
3 0.065355
4 0.065355
1 0.078423
2 0.078423
3 0.078423
4 0.078423
5 0.078423
1 0.085353
2 0.085353
3 0.085353
4 0.085353
5 0.085353
6 0.085353
1 0.046609
3 0.046609
4 0.046609
5 0.046609
1 0.053802
2 0.053802
3 0.053802
4 0.053802
1 0.107908
2 0.107908
4 0.107908
5 0.107908
6 0.107908
1 0.058163
2 0.058163
3 0.058163
4 0.058163
1 0.079402
2 0.079402
3 0.079402
4 0.079402
5 0.079402
1 0.067481
2 0.067481
3 0.067481
4 0.067481
1 0.066923
2 0.066923
3 0.066923
1 0.072437
3 0.072437
1 0.044506
3 0.044506
4 0.044506
1 0.054581
2 0.054581
3 0.054581
4 0.054581
1 0.046194
3 0.046194
