1 0.287914
2 0.287914
3 0.287914
4 0.287914
5 0.287914
1 0.068175
2 0.068175
3 0.068175
4 0.068175
5 0.068175
1 0.237374
3 0.237374
4 0.237374
5 0.237374
6 0.237374
1 0.079577
2 0.079577
3 0.079577
4 0.079577
1 0.092934
3 0.092934
5 0.092934
6 0.092934
1 0.172258
2 0.172258
3 0.172258
1 0.146096
2 0.146096
3 0.146096
2 0.095178
1 0.134051
1 0.107767
2 0.107767
1 0.094911
1 0.118748
1 0.067635
2 0.067635
3 0.067635
4 0.067635
1 0.091894
1 0.077776
3 0.077776
1 0.093838
1 0.052638
3 0.052638
5 0.052638
6 0.052638
1 0.082215
1 0.083200
